1	1	1:2	2:1
-1	1	2:2
-1	1	2:2
1	2	2:1
-1	2
-1	2
1	3	2:2
-1	3	2:2
-1	3	2:2
1	4	2:2
-1	4	1:1
-1	4	1:2
1	5	1:1	2:1
-1	5	2:2
-1	5
1	6	1:1	2:2
-1	6	1:1	2:1
-1	6	1:2
1	7
-1	7
-1	7
1	8
-1	8	2:2
-1	8	1:1
1	9	1:1
-1	9	1:1
-1	9	2:1
1	10
-1	10	1:1
-1	10	1:1
1	11	2:1
-1	11
-1	11	1:1
1	12	1:1	2:2
-1	12	1:1	2:1
-1	12	1:1
1	13	2:1
-1	13
-1	13
1	14	2:2
-1	14	1:1
-1	14	1:2
1	15	1:1	2:1
-1	15	2:1
-1	15	2:1
1	16	2:2
-1	16	2:1
-1	16
1	17	1:1	2:2
-1	17	1:2
-1	17	1:2	2:1
1	18	1:1
-1	18
-1	18	2:1
1	19	1:1	2:2
-1	19	1:1
-1	19	1:1	2:1
1	20	1:1
-1	20
-1	20	2:1
1	21	1:1
-1	21
-1	21
1	22	2:2
-1	22
-1	22
1	23	1:2
-1	23
-1	23	2:2
1	24	1:1
-1	24
-1	24	1:1
1	25	1:1	2:1
-1	25	1:1
-1	25	1:2
1	26	1:2
-1	26
-1	26
1	27	1:2
-1	27
-1	27
1	28	1:2
-1	28
-1	28
1	29	1:2	2:1
-1	29	1:2
-1	29	1:1	2:2
1	30	2:2
-1	30	1:1	2:1
-1	30	1:1	2:1
1	31	1:1
-1	31
-1	31
1	32	2:1
-1	32	2:1
-1	32
1	33	2:1
-1	33	2:1
-1	33
1	34	1:2
-1	34
-1	34	2:2
1	35	2:1
-1	35
-1	35
1	36	1:2
-1	36
-1	36
1	37	1:1
-1	37
-1	37
1	38	1:2	2:1
-1	38	2:2
-1	38	2:2
1	39
-1	39	1:2
-1	39	1:1
1	40	1:1
-1	40	2:1
-1	40
1	41	1:2
-1	41	2:1
-1	41
1	42
-1	42
-1	42
1	43
-1	43
-1	43
1	44	1:1	2:1
-1	44
-1	44
1	45
-1	45	2:1
-1	45
1	46	2:1
-1	46
-1	46	1:1
1	47	1:2
-1	47	2:1
-1	47	2:1
1	48	2:2
-1	48	1:1	2:2
-1	48	2:2
1	49	2:2
-1	49	2:1
-1	49	2:1
1	50	1:2
-1	50	2:1
-1	50	2:1
1	51	1:2	2:1
-1	51	1:1	2:2
-1	51	2:2
1	52	1:2	2:1
-1	52	1:1	2:1
-1	52	1:1	2:2
1	53	1:1	2:1
-1	53	1:1	2:1
-1	53	2:2
1	54	1:1
-1	54	2:1
-1	54	1:1
1	55	1:2
-1	55	2:1
-1	55	1:1	2:1
1	56	1:2
-1	56	2:1
-1	56	1:1
1	57	2:1
-1	57	1:1	2:1
-1	57	2:2
1	58	1:2
-1	58	2:2
-1	58	2:1
1	59	1:1
-1	59	2:1
-1	59
1	60	1:2
-1	60	2:1
-1	60	2:1
1	61	1:2
-1	61	2:2
-1	61	2:1
1	62	1:1
-1	62	2:1
-1	62	2:1
1	63	1:1
-1	63
-1	63
1	64	1:2
-1	64
-1	64	2:1
1	65	2:1
-1	65	1:1
-1	65	1:2
1	66	1:1
-1	66
-1	66	2:1
1	67	1:1
-1	67	1:1
-1	67
1	68	1:2	2:1
-1	68	2:2
-1	68	2:2
1	69	1:2
-1	69	1:1	2:1
-1	69	1:2
1	70	2:1
-1	70
-1	70	2:1
1	71	2:1
-1	71	2:1
-1	71
1	72	1:1
-1	72
-1	72	2:1
1	73	1:1
-1	73	1:1
-1	73
1	74	1:2
-1	74	1:2
1	75	1:2
-1	75	1:2
-1	75	1:1	2:1
1	76	1:1
-1	76
-1	76	2:1
1	77	1:1
-1	77	2:2
-1	77	1:1
1	78	2:1
-1	78
-1	78	1:1
1	79	1:1
-1	79
-1	79	1:1
1	80	1:1
-1	80
-1	80
1	81	2:2
-1	81
-1	81	2:2
1	82	1:1
-1	82	1:1
-1	82	1:1
1	83	1:1
-1	83	1:1
-1	83	1:1
